"baseMean" "log2FoldChange" "lfcSE" "stat" "pvalue" "padj"
"NM_001305290.1" 152.755287553467 0.473554200591205 0.104705830252627 4.52271090777511 6.10526014848539e-06 0.00117357119072238
"NM_001305310.1" 59.3960571928295 -1.47539901316947 0.309342219859098 -4.76947186142744 1.84709540763444e-06 0.000455977793905343
"NM_001305333.1" 614.13007017144 1.63767967247623 0.146795309306631 11.1562125534637 6.67761739584403e-29 6.37400839157965e-25
"NM_001305336.1" 10.9786309025618 -1.34929634338723 0.251540978779052 -5.36412138466085 8.13441899755211e-08 3.47667496140153e-05
"NM_001305362.1" 326.890986664231 1.12885961095492 0.205259890826633 5.49965999888591 3.8052428055907e-08 1.87874022380854e-05
"NM_001305372.1" 343.577158579429 0.449818532915533 0.135974959595448 3.30809830173021 0.000939318320926573 0.04387980332472
"NM_001305373.1" 211.387455793961 1.09388207755119 0.315365611087372 3.4686155975584 0.000523147407141019 0.0303256055686037
"NM_001305381.2" 44.5012121345287 -0.642319107943488 0.194346308364617 -3.30502345708785 0.000949684513448864 0.0441571192940489
"NM_001308861.1" 15.1476332455689 -0.796160538647958 0.232481212269387 -3.42462313782763 0.000615652776240789 0.0339666113302109
"NM_001308913.1" 1527.16220182708 8.05450093838451 0.861778267013704 9.34637278136005 9.07050637098925e-21 2.59743020439648e-17
"NM_001308924.1" 242.32522982229 5.54220235330129 0.743942591140809 7.44977155401538 9.35019945037058e-14 1.16414048461223e-10
"XM_011413703.3" 324.003845819147 -1.06366852896727 0.211350736565513 -5.03271739787652 4.83575730407321e-07 0.000150518202347218
"XM_011413737.3" 30.9390066140201 -1.33941019986995 0.392791833128566 -3.40997466571955 0.000649689142098603 0.0349052500434064
"XM_011413748.3" 560.923429220177 0.370432764235837 0.094153972350992 3.93432964097275 8.34292179451125e-05 0.00868756030936815
"XM_011414124.3" 6.91539121073682 1.40209470514799 0.365492535073465 3.8361787741196 0.000124963458436624 0.0113060957557192
"XM_011414145.3" 9.5510950097393 -1.50943374388207 0.420990878710271 -3.58543099201177 0.000336521982651238 0.0225682517452011
"XM_011414233.3" 4.70627120666037 1.84203160685417 0.439293970387007 4.19316387436728 2.75090567411265e-05 0.00397853206484293
"XM_011414711.3" 9.62764098153282 1.50407086098106 0.426402526692639 3.52734978530095 0.000419741855501992 0.0264650956335476
"XM_011414840.3" 21.4783822680624 2.05885759576354 0.575620407415461 3.57676268811912 0.000347875718037193 0.0232751613591426
"XM_011415370.3" 13.1703291205422 4.44740296947242 1.33612310131303 3.32858773649066 0.000872875069654983 0.0421511812725803
"XM_011416540.3" 21.1512894124965 0.724114521803063 0.209025114734794 3.46424649842581 0.000531719032939782 0.0306364310407718
"XM_011416606.3" 168.601073522257 1.09874680614453 0.224776942722573 4.88816509752356 1.01780160530298e-06 0.000274960063862793
"XM_011416726.3" 31.1925061429804 0.778857376341779 0.158642745883403 4.90950514002204 9.13065067863965e-07 0.00025140895464762
"XM_011416892.3" 18.5323697657179 1.37322044744015 0.209406658118379 6.55767328402642 5.46537856143326e-11 4.60313472015303e-08
"XM_011417063.3" 6.90141655360082 6.45337775813238 1.1039039282423 5.84595959216108 5.03656305457243e-09 3.00472957564033e-06
"XM_011417064.3" 7.16694020002023 -3.8191890825256 1.12955708951431 -3.38113860554652 0.000721861200348041 0.0374478574876205
"XM_011417095.3" 26.5696036580868 -0.665380719398812 0.187174261652136 -3.55487294847955 0.000378161775648763 0.0246114559260863
"XM_011417316.3" 26.5588461556865 -3.94123609106258 0.905935082800756 -4.3504619325239 1.35851039223326e-05 0.00230222267875653
"XM_011417317.3" 22.7538853605833 3.26086948727277 0.773188561623425 4.21743110170446 2.47101285214811e-05 0.00366631730746701
"XM_011417325.3" 20.4326344592263 -1.42378076222269 0.264203532793061 -5.38895429281739 7.08688251190261e-08 3.13610232032836e-05
"XM_011417529.3" 16.9870290372384 0.586119058350905 0.170807990272045 3.43144988368165 0.000600364049300917 0.033382572652002
"XM_011417830.3" 28.6463196511069 0.590180813152927 0.151413703375683 3.89780317101543 9.70692612434239e-05 0.00951943618139276
"XM_011417902.3" 12.2043643715994 1.19432293153227 0.233724015952649 5.10997094870316 3.22208353538871e-07 0.000109387903682527
"XM_011417904.3" 27.3962109137315 0.710235981183958 0.179357878939333 3.95988169231302 7.498690309892e-05 0.00815259806220656
"XM_011417908.2" 19.1560506534312 -0.980404398530799 0.295008763370794 -3.32330601751832 0.000889572684994465 0.0427412808850696
"XM_011418321.3" 21.8159066973738 -0.725684305515225 0.195621840987718 -3.70962823911256 0.000207563803193539 0.0159508443744519
"XM_011418768.3" 169.33765461373 -0.70833213785179 0.16579198686477 -4.27241479667862 1.93367448481476e-05 0.00297702701866428
"XM_011418954.3" 14.8607781695118 -1.26001238945508 0.263062896837208 -4.78977615089072 1.66967470570369e-06 0.000423149179243151
"XM_011419041.3" 52.6506650821759 -0.641370214234377 0.133290808237963 -4.81181127725885 1.49568556403826e-06 0.000389367743743634
"XM_011419179.3" 54.8610791099071 0.726785048009464 0.139936386029798 5.1936817051621 2.06175518293833e-07 7.53947746931728e-05
"XM_011419181.3" 142.652035340416 0.495215973015275 0.126639935628625 3.91042502159437 9.21338573665958e-05 0.00925735136684154
"XM_011419330.3" 60.3120917114896 -0.485177734674567 0.129775210525955 -3.73860102178398 0.000185047132766251 0.0146550374828849
"XM_011419437.3" 22.2443773355041 -0.988995408930669 0.231458587457501 -4.27288276401609 1.9296192293219e-05 0.00297702701866428
"XM_011419489.3" 70.3649144751538 -0.473680125384513 0.139722931578265 -3.39013875556413 0.000698572556659733 0.0366165710919499
"XM_011419576.3" 2950.55382929558 0.536476142175226 0.0955051084213542 5.61725075279088 1.94019756595308e-08 1.04829240563457e-05
"XM_011419645.3" 27.2292907566315 2.82026721901773 0.688850496173099 4.09416445903094 4.23693505788733e-05 0.00546526451881358
"XM_011419848.3" 2882.82205956535 -1.07698284724133 0.327222576771067 -3.29128527092682 0.000997307224309715 0.045840914406634
"XM_011419855.3" 41.0680498065992 1.33453833321363 0.395778030619359 3.37193636323167 0.000746416927620581 0.0383741384907414
"XM_011419925.2" 15.4071008134348 -1.33652098345848 0.40370297201533 -3.31065430800873 0.000930781174031964 0.0437152669783199
"XM_011419981.3" 8.08585038291857 -3.32020427052659 0.813129167125027 -4.08324335759078 4.44114717127069e-05 0.00565229735095589
"XM_011420357.3" 29.206762498733 0.941898034956349 0.173636877044518 5.4245276175686 5.81080057501657e-08 2.72783746337991e-05
"XM_011420371.3" 796.576530474106 4.40449146968973 0.600395805403615 7.33597974877393 2.20105303750872e-13 2.33442054748518e-10
"XM_011420372.3" 24.0389849025944 3.6856414287946 0.80528456395304 4.57681867227437 4.7210032732941e-06 0.000953651450428529
"XM_011420570.3" 3.42868659206087 -5.1043798832979 1.48381412454108 -3.44003996112154 0.000581628302180818 0.0327864331914368
"XM_011420578.3" 4.242325125121 -1.89967324868836 0.482240808764449 -3.93926273795767 8.17323850831892e-05 0.00858924005773146
"XM_011420631.3" 22.987554311281 1.74907357409894 0.487218641066061 3.58991513598878 0.000330785636325685 0.0222768785698316
"XM_011420824.3" 11.5272601970165 2.88021960340204 0.629354498583664 4.57646622036365 4.7289602584457e-06 0.000953651450428529
"XM_011420913.3" 111.739417473868 0.84054095466321 0.180948958511901 4.64518260605479 3.39775780328342e-06 0.000737107518597152
"XM_011420959.3" 29.3376326066471 1.44736313043755 0.208717496386094 6.93455582545009 4.07499466041244e-12 3.88971823651903e-09
"XM_011420983.3" 33.8706318195002 -0.944437760269772 0.27251589344381 -3.46562451215164 0.000529001515106261 0.0305413052148849
"XM_011421012.3" 29.3672776793223 -0.686559040496631 0.145796367549387 -4.70902706313356 2.48902025219065e-06 0.000570204671533851
"XM_011421664.3" 10.1666792555034 -1.18057655751784 0.346620741274396 -3.40596051228008 0.000659317146571866 0.0352901043163214
"XM_011421699.3" 4.56491757788323 2.13482871083212 0.45320261170662 4.71053929453985 2.47062157554925e-06 0.000570204671533851
"XM_011422342.3" 74.8052802337657 -1.19062328782088 0.160104076829656 -7.43655821511438 1.03342435915217e-13 1.18372559794726e-10
"XM_011422632.3" 21.2766876830894 -1.59383550323952 0.283985741353223 -5.61237862029522 1.9956418888868e-08 1.05828150241041e-05
"XM_011422802.3" 4.42367152672536 -1.723167228674 0.442821811806709 -3.89133322417767 9.96949042106168e-05 0.00967750263381431
"XM_011422814.3" 16.2122238953655 0.874602800255133 0.260532720855996 3.35697872183414 0.000787991766327738 0.0397269933460583
"XM_011422990.3" 343.604953767538 0.633785600958405 0.174957944616185 3.62250255253499 0.000291766581020802 0.020478009348313
"XM_011423572.3" 29.374230093568 0.677686118362347 0.161270618195571 4.20216730080692 2.64371628347471e-05 0.00386252344355009
"XM_011424009.3" 21.7174474879172 0.831156070973629 0.252691390601326 3.28921404483049 0.00100467587808027 0.0461056064819018
"XM_011424137.3" 19.581692754841 0.709377703837206 0.177939331817838 3.98662677099078 6.70193258357159e-05 0.00752613888090808
"XM_011424142.3" 45.2898987372843 -1.00179670640589 0.2456843921517 -4.07757569633205 4.55077164616951e-05 0.00576619012653584
"XM_011424173.3" 117.394605625646 0.742525988038656 0.194198176800455 3.8235476783164 0.000131545140282506 0.0116985299289746
"XM_011424596.3" 19.3372846098113 -0.748109465005462 0.19687244308063 -3.79997044430983 0.000144713346205147 0.0123788330526509
"XM_011424684.3" 10.9772631053995 -1.15736545955439 0.287794784748829 -4.02149559646981 5.78297893165497e-05 0.00687142675049261
"XM_011424712.3" 149.595644116266 -0.588483553342287 0.150134191465865 -3.91971707175101 8.86529812019169e-05 0.00906666703463604
"XM_011424791.3" 94.6723279219686 0.706942099257463 0.197939609212787 3.57150396562365 0.000354937172889361 0.0235655077684634
"XM_011424880.3" 9.27999531299722 -0.916749637703927 0.270368671562587 -3.39073914298429 0.000697044119395164 0.0366165710919499
"XM_011425153.3" 28.6905848181874 2.26599840003665 0.595966909331019 3.8022218424514 0.000143404230021576 0.0123788330526509
"XM_011425176.3" 25.1819964775672 -0.728759636891553 0.201313086856287 -3.62003110812065 0.000294567599360737 0.0205766757736992
"XM_011425181.3" 107.155938607637 -0.497819677361212 0.140146366364629 -3.55214116694255 0.000382109800085533 0.0246999915016915
"XM_011425228.3" 191.583496092821 -0.674717080849856 0.177461867923672 -3.80203977758229 0.000143509679044796 0.0123788330526509
"XM_011425478.3" 57.4719693761082 -0.666187699691379 0.17801450729764 -3.74232252081294 0.000182327298780979 0.0146148588246486
"XM_011425483.3" 308.118625344164 -1.0399443018114 0.23904390013928 -4.35043228965674 1.35869406589556e-05 0.00230222267875653
"XM_011425750.3" 75.3189833084396 0.516769717860022 0.146331211480582 3.53150713802842 0.00041319870974722 0.0261777837440739
"XM_011425772.3" 27.5483130161863 -0.838667340859404 0.17987861127339 -4.66240724743394 3.125319563003e-06 0.000683180542031709
"XM_011425870.3" 10.8894206544151 -1.04053608091364 0.299350621920124 -3.47597768208844 0.000508994641796818 0.0299293030030671
"XM_011425989.3" 33.9643439575116 1.05719866895142 0.19099984551933 5.5350760419564 3.11093355382521e-08 1.61972169540616e-05
"XM_011426021.3" 15.4734865195784 -1.04848506519175 0.279576986361185 -3.75025526542167 0.000176654645562334 0.0144122006561908
"XM_011426182.3" 27.1246191044737 1.98794132428044 0.496752327303001 4.0018762168131 6.28421746455912e-05 0.00722710246245441
"XM_011426239.3" 19.2927890309139 -0.83258943135228 0.239240764554223 -3.48013196205773 0.000501166866422735 0.0297130732647649
"XM_011426240.3" 71.4072146522831 0.767472987662105 0.178023452880654 4.31107798013902 1.62460595643579e-05 0.00262837379483024
"XM_011426321.3" 3.61254044157294 -2.15990296555695 0.586778496058927 -3.68095112561869 0.000232365546751248 0.0172318130021071
"XM_011426844.3" 150.311326977997 1.07014865951177 0.313820956541601 3.4100611740692 0.000649483097270003 0.0349052500434064
"XM_011426996.3" 22.8684774383803 0.777198659909611 0.229353586322632 3.38864838510232 0.000702380142044071 0.0366165710919499
"XM_011427084.3" 126.031871998121 0.918367069535551 0.152817115589699 6.00958253917897 1.86001649223039e-09 1.32205468583229e-06
"XM_011427309.3" 36.1210567630296 -1.30608171268806 0.39182302082513 -3.33334603448674 0.000858081489778749 0.0417182029563739
"XM_011427491.3" 6.3893058448577 2.04669203204496 0.576817312722072 3.54825000377739 0.000387799941078756 0.0249551440735534
"XM_011427593.3" 33.7661152595328 -0.58915055661225 0.173532363962711 -3.39504714370657 0.000686167841901457 0.0364547352888499
"XM_011428506.3" 112.620749980567 -0.900400301123177 0.248443650355993 -3.62416306407107 0.00028989866999292 0.0203969000341947
"XM_011428707.3" 8.00559237792881 -1.30963292900913 0.373331507983885 -3.50796249714251 0.000451552700916454 0.0275921252508531
"XM_011428813.3" 5.78025899043412 2.195975322193 0.620660993238105 3.53812362322978 0.000402981338870942 0.0257010548327579
"XM_011428834.3" 6.86126922040769 2.88651648776916 0.85813731369559 3.36370000663215 0.000769050890974576 0.0391860165728611
"XM_011429083.2" 12.3080452103025 0.920677153840628 0.248247917449219 3.70870041247762 0.000208325736696641 0.0159508443744519
"XM_011429147.3" 45.2237078322691 1.04375350631994 0.309341529041811 3.37411374913992 0.000740537602416712 0.0382090716807297
"XM_011429539.3" 27.3400295149486 0.511813364361961 0.138177299009692 3.70403364394944 0.00021219809645871 0.016160916729233
"XM_011429838.3" 3.40793931467217 -1.45754116335832 0.435421142923869 -3.34742854600693 0.000815650119711917 0.0403926974618998
"XM_011430087.3" 71.8497519449047 0.53491340036559 0.142981041168501 3.74114914812518 0.00018318076730661 0.0146148588246486
"XM_011430108.3" 26.8926012143065 0.819505393871192 0.202084953339645 4.05525191424741 5.00803003358468e-05 0.00610255098049918
"XM_011430225.3" 21.4748958393963 -23.8652645676438 2.6411857590524 -9.0358144957612 1.62785581764248e-19 4.23775265400092e-16
"XM_011430243.2" 249.80845262591 -1.82945250982282 0.436803933206207 -4.18826931432225 2.81089833588398e-05 0.00404486858021978
"XM_011430301.3" 64.0164231788475 -2.90488108073597 0.575880436726862 -5.0442433801823 4.55319451650184e-07 0.000144872531305052
"XM_011430339.3" 22.2829846234292 1.43518451734274 0.390454848428864 3.67567344372269 0.000237222808257453 0.0174182367622062
"XM_011430436.3" 29.9393252471375 -0.945734770212718 0.229854135597864 -4.11449969239321 3.88020076296667e-05 0.00507367255928372
"XM_011430645.3" 26.6701763084704 0.652235431712829 0.169550777949233 3.84684422921446 0.000119648985488592 0.0109816293219594
"XM_011430699.3" 46.9768032032685 -1.1102341000703 0.222501986326121 -4.98977163486096 6.04507140626816e-07 0.000180319442489474
"XM_011430745.3" 28.0677767186062 -0.45006600820595 0.137465299214885 -3.27403359812579 0.00106024004262871 0.0481834938093819
"XM_011430921.3" 24.4140576674127 1.55927518990275 0.463765610463142 3.3622052923363 0.000773226142937317 0.0393287812240729
"XM_011430923.3" 92.7115294585026 0.390815218144322 0.110187294963952 3.54682650365615 0.000389901269626739 0.025034109320698
"XM_011431087.3" 42.8142178744024 0.645704959176029 0.157619738248623 4.09659961595367 4.19263118080741e-05 0.00545728120425459
"XM_011431272.3" 44.9575574812586 -0.812119923215222 0.196458117112635 -4.13380691595252 3.56803266839334e-05 0.00479691002310384
"XM_011431285.3" 28.181758784224 -1.51852988452051 0.417996506188254 -3.63287697872911 0.000280278665046334 0.0199157812711336
"XM_011431570.3" 79.3895815608457 -0.684081434156201 0.159159822485396 -4.29807864493546 1.72285038332024e-05 0.00274086353204214
"XM_011431577.3" 120.590010534227 2.01372010695478 0.514505998698577 3.91389043480232 9.08208582578287e-05 0.00915755667982811
"XM_011431621.3" 2.77213256027707 5.07647829676791 1.3018527061063 3.89942600492117 9.64209979984073e-05 0.00951943618139276
"XM_011431655.3" 1050.51234192293 -3.57758152994906 0.479968694460919 -7.45378098871064 9.07025199344642e-14 1.16414048461223e-10
"XM_011431833.3" 72.2120104267003 -0.736792269051636 0.225653921531426 -3.26514276397818 0.00109408917204114 0.0493391142213702
"XM_011431987.3" 117.991788829858 2.09093514594635 0.506506897214348 4.12814742986904 3.65697626658543e-05 0.00489351272756731
"XM_011431991.3" 19.339637827084 1.57115337835726 0.453962785607336 3.46097395683059 0.000538224877690375 0.0307636878194443
"XM_011432386.3" 16.1812241506638 -3.7093604703435 1.10764659126975 -3.34886641603913 0.000811429078193905 0.0403404220193762
"XM_011432500.3" 19.998958551881 1.98797573202161 0.480116543246306 4.14061077458386 3.46382282608691e-05 0.00467877502112381
"XM_011432548.3" 9.0253324269839 1.26388752028027 0.386080654894275 3.27363597284193 0.00106173294432602 0.0481834938093819
"XM_011432571.3" 8.81860833286663 2.86975727215055 0.855461974172558 3.35462867876309 0.000794715816695395 0.0398554853360584
"XM_011432624.2" 43.1143754204313 0.656395322111041 0.198302847941976 3.31006502893547 0.000932742985184854 0.0437152669783199
"XM_011432629.3" 41.6937445511102 -0.790957356746205 0.236093133995532 -3.35019211851021 0.000807555285682369 0.0402877232766556
"XM_011432647.3" 272.715517153068 0.393434684883638 0.107154895417666 3.67164452310011 0.000240994734154421 0.017649936591422
"XM_011432819.3" 24.8236096700139 0.724360813572308 0.174213648515562 4.15788785634441 3.2120362727901e-05 0.00442210916863545
"XM_011432835.3" 36.3602009566955 0.642997327443638 0.189500879255815 3.39310999489153 0.000691038836339354 0.0366165710919499
"XM_011432913.3" 16.2762019103613 1.00713006878669 0.275965237573465 3.64948164356598 0.000262770015369466 0.0188588525316292
"XM_011432970.3" 24.8182525187012 -0.699386830705326 0.179977981794165 -3.88595773623683 0.00010192723992473 0.00982757051341604
"XM_011432988.3" 22.2333936279025 -0.799899569335564 0.207869910581739 -3.84807770926051 0.000119048293920105 0.0109616300472544
"XM_011433143.3" 403.132814838436 -1.42035791516892 0.373665388458809 -3.80114926091287 0.000144026504779857 0.0123788330526509
"XM_011433281.3" 145.108394176607 -0.322380731877882 0.0814601348066769 -3.95752760099113 7.57295392005498e-05 0.00815259806220656
"XM_011433338.3" 13.2400120077647 1.33672821678305 0.409551788224779 3.26388079655849 0.00109897392118951 0.0494814735961993
"XM_011433399.3" 135.951889098968 0.617955511572934 0.147878912961793 4.17879398215886 2.93059001849417e-05 0.00413400865860094
"XM_011433645.3" 246.93197611695 1.45444443474368 0.392745066977692 3.7032786838957 0.000212830858593409 0.0161661126437158
"XM_011433685.2" 46.949938915803 1.53532462521517 0.392117212345262 3.91547368204615 9.02268870492594e-05 0.00915755667982811
"XM_011433699.3" 7.92677325517817 0.844054046239915 0.244585344046568 3.45095921233617 0.000558597981671168 0.031738118657015
"XM_011433743.3" 103.444360273381 -0.422748563802975 0.12740772396311 -3.31807641368256 0.000906396842569952 0.0431155813684936
"XM_011433770.3" 34.8312110837845 0.476582543699707 0.142908143760372 3.33488723007163 0.000853339975571114 0.041558237313698
"XM_011433782.3" 33.3503359756537 0.92778430277038 0.198449741893408 4.67516003759135 2.9372447423374e-06 0.000647007234165951
"XM_011433820.3" 275.956043808546 0.476563812753621 0.128117263771148 3.71974704053072 0.000199422407568424 0.0154342163868362
"XM_011433855.3" 6.99057607894146 -6.13316526616672 1.80893317157023 -3.39048747767883 0.000697684418037224 0.0366165710919499
"XM_011433858.3" 184.19120685057 -0.753279904830802 0.185370129605112 -4.06365311625714 4.83106059333684e-05 0.00601488048481711
"XM_011433975.3" 13.5190152647724 -1.05510412492798 0.274907955752529 -3.83802688445213 0.000124026905756668 0.0113060957557192
"XM_011434034.3" 16.7710044355234 0.925154087528959 0.255787451607038 3.61688613619036 0.000298168386513052 0.0206739707413747
"XM_011434186.3" 305.913202143754 0.871175652525241 0.254249187974588 3.42646385408442 0.000611495142557484 0.0338045847534288
"XM_011434283.3" 3.4715616939639 -2.9248388519735 0.873334330592597 -3.34904829630236 0.000810896593139747 0.0403404220193762
"XM_011434348.3" 4.38740546742527 -1.80204670650397 0.431211979441936 -4.1790274677344 2.92758329258958e-05 0.00413400865860094
"XM_011434591.3" 74.2878472627749 -0.608067082662583 0.152859420659052 -3.97794967455004 6.95120789208213e-05 0.00774532253687408
"XM_011434717.3" 10.5590390053106 1.84745436657583 0.55899353287845 3.30496554595658 0.000949880761458796 0.0441571192940489
"XM_011434867.3" 513.307679142193 0.665888003940079 0.0874794971745125 7.61193222923654 2.70028150393745e-14 3.8662304835565e-11
"XM_011434976.3" 24.9114904839765 -0.960317011237031 0.257740761335153 -3.72590274919024 0.00019461743410743 0.0151854627877394
"XM_011435315.3" 465.715575471118 0.701801051057629 0.163481570235713 4.29284505920605 1.76398106756466e-05 0.00276029299731047
"XM_011435508.3" 8.59927084855211 -1.17573727901293 0.33888763906011 -3.46940148738911 0.000521619321991152 0.0303256055686037
"XM_011435530.3" 11.355623124274 5.91012329568409 1.57723656584215 3.74713814254519 0.000178863593029598 0.014540526348689
"XM_011435532.3" 8.73000195867949 -1.05446579973007 0.293254974851729 -3.59573030351221 0.000323482800427935 0.0220029773706754
"XM_011435569.3" 1643.735933906 0.581984144253709 0.175045426715728 3.32476063598534 0.00088494475502226 0.0425903832013738
"XM_011435574.2" 51.9856297303513 0.691867742625887 0.205390412216724 3.36854936488391 0.000755648639332742 0.0385717547877583
"XM_011435945.3" 77.3676025107958 -0.6042833426775 0.155477217391951 -3.88663595100321 0.000101643011956663 0.00982757051341604
"XM_011435952.3" 8.5349190623505 1.35159491048524 0.275675783707683 4.90284236180289 9.44597858872434e-07 0.000257614326539724
"XM_011435955.3" 119.716021312575 1.04954148275301 0.307119909510347 3.41736712682135 0.000632299506031306 0.0343577393827561
"XM_011436158.3" 40.2873148272172 -0.73843022418515 0.151136595622115 -4.88584661541164 1.0298535245315e-06 0.000275615752602654
"XM_011436622.3" 108.777239149539 0.453339127096316 0.105568954488999 4.2942466304671 1.75287533396927e-05 0.00276029299731047
"XM_011436623.3" 1439.99763134208 0.753522479190787 0.205474389364169 3.66723308691914 0.000245189274503465 0.0178204062555361
"XM_011436839.3" 79.3334900798368 -1.17109785351741 0.316415984510008 -3.70113366848687 0.000214638364264788 0.0162602756589589
"XM_011436951.3" 111.224772937657 -0.486049646408747 0.132562535248883 -3.66656872921298 0.000245826869792565 0.0178215145402023
"XM_011437323.3" 5.78944182136518 2.14759849465945 0.496123557872309 4.32875734397638 1.49953041539813e-05 0.00248211288874803
"XM_011437548.3" 19.5463461104611 2.9059339398935 0.628499104033579 4.62360872313708 3.77120930879022e-06 0.000799943331603829
"XM_011437549.3" 13.872540992057 2.11313028241549 0.481175115236764 4.39160342150221 1.12517791967381e-05 0.00197672361397418
"XM_011437603.3" 112.119757705135 4.26712302858648 0.486746894037859 8.76661583433666 1.84116674975361e-18 4.05566546507265e-15
"XM_011437990.3" 1637.09426363028 8.9584028069212 0.811942666602035 11.0332948069005 2.64011949855949e-28 1.89006154901874e-24
"XM_011438030.3" 71.5291285499216 0.782355050109462 0.150311212139333 5.2049014772381 1.94099557006553e-07 7.31346699268377e-05
"XM_011438102.3" 251.815141613592 3.01851207294044 0.439278623824101 6.87152050938207 6.35211567391538e-12 5.68434951369502e-09
"XM_011438267.3" 138.803159990267 -0.792861161637246 0.236974417625186 -3.34576689578065 0.000820553467372112 0.0403926974618998
"XM_011438352.3" 5.91268900142682 2.43635652243308 0.717341244683347 3.39637033349246 0.0006828590236501 0.0363463773257328
"XM_011438703.3" 28.3310267811539 0.729895516164284 0.186452125302009 3.91465377496782 9.05340238776106e-05 0.00915755667982811
"XM_011439059.3" 40.3879334585289 -0.760623184431201 0.210588312360873 -3.61189648135726 0.000303965910397974 0.0209743802654371
"XM_011439366.3" 51.0658958468189 -1.30909742133696 0.251277406666729 -5.20976970712384 1.89075170251266e-07 7.21914210042035e-05
"XM_011439519.3" 131.366697178379 -1.08590397699369 0.238931827090403 -4.54482766158575 5.49802192785716e-06 0.00107102963215046
"XM_011439824.3" 2.77456583844407 -1.67110592074655 0.495840321075905 -3.37025015860043 0.000750999729111463 0.0385132813348862
"XM_011440133.3" 141.995595791228 -0.791395799395777 0.220415409704445 -3.59047400749775 0.000330077146897517 0.0222768785698316
"XM_011440442.3" 33.2993870431234 -0.953651803977211 0.273182609762035 -3.49089499074601 0.000481405425063677 0.0289088372797777
"XM_011440678.3" 80.2892058946588 0.684442539724056 0.192157897876956 3.5618756620783 0.000368214769291679 0.0241839406730196
"XM_011440790.3" 636.604530739159 -0.431058841558012 0.129377346359011 -3.33179535435718 0.000862876830915979 0.0418802388645932
"XM_011440932.3" 12.7945432888806 -5.35221210348563 1.39851058697662 -3.82708014749916 0.000129672302408797 0.0116040501618072
"XM_011441056.3" 142.755728809433 0.732512552572377 0.14700935963599 4.98276133156522 6.26832479677705e-07 0.000185051287505678
"XM_011441269.3" 34.3034858015202 -1.23795642874537 0.27014116925746 -4.58262778734596 4.5916893312515e-06 0.000939197254926557
"XM_011441395.3" 7.08844040774395 0.915521776355179 0.274491307592912 3.33533977590633 0.00085195233240377 0.041558237313698
"XM_011441514.3" 15.294267600944 1.00583616455906 0.21419562527536 4.69587631991087 2.65466139509625e-06 0.000598573887480127
"XM_011441536.3" 60.3241591203411 0.625464538381285 0.167187642695188 3.741093111299 0.0001832216202699 0.0146148588246486
"XM_011441825.3" 17.7147235769299 -0.796367081485045 0.239929023998986 -3.31917776437257 0.000902829364650618 0.0431155813684936
"XM_011441878.3" 8.4840984183747 -5.19729463342304 1.34005529256585 -3.87841804905798 0.000105137932058228 0.00997773488176566
"XM_011442016.3" 244.932589590251 -0.479651607258757 0.127451545292067 -3.76340362260489 0.000167616342230622 0.0138724323009135
"XM_011442020.3" 26.7593174169824 -0.865881640541771 0.212893221051532 -4.06721095328902 4.75791687337648e-05 0.00597261343352151
"XM_011442524.3" 73.7625969243724 -0.512106157694263 0.156704385680877 -3.26797591190044 0.00108319584242686 0.0490022055983186
"XM_011442617.3" 891.719032953723 0.448696697650794 0.116396336276372 3.85490396008175 0.000115775069514623 0.0107474120082491
"XM_011442777.3" 55.5822738741598 -0.463012512480077 0.133246096302941 -3.47486737192959 0.00051110598223271 0.0299918666131473
"XM_011443066.3" 1308.86598949599 0.742231043805876 0.141442554338662 5.24757946628086 1.54110582008099e-07 6.12932031442211e-05
"XM_011443534.3" 60.9552970954711 -0.659146405787928 0.16443079481627 -4.00865547432545 6.1065429592555e-05 0.00715403614193939
"XM_011443610.3" 7.71868162668296 -1.40381909968886 0.368501728513937 -3.80953192634961 0.000139230127911269 0.012230042769531
"XM_011443620.3" 145.64581399587 0.744201510107565 0.199125607877409 3.73734708478946 0.000185972123057055 0.01467079260568
"XM_011443791.3" 52.885389363935 -0.463270208013234 0.125364405927691 -3.6953886917507 0.000219550649919049 0.016415280446689
"XM_011444041.3" 23.2913188532302 1.42330807520563 0.424125341818238 3.35586661505268 0.000791167167914732 0.0398169824611709
"XM_011444214.2" 4.72596517552582 -1.64549198994047 0.496153881188196 -3.31649524941703 0.000911541371349177 0.0431452871238926
"XM_011444216.2" 4.72596517552582 -1.64549198994047 0.496153881188196 -3.31649524941703 0.000911541371349177 0.0431452871238926
"XM_011444450.3" 60.6841611572327 -1.25930284203925 0.310203255361562 -4.05960550146854 4.91556943265204e-05 0.00607151957361511
"XM_011444552.3" 315.128207821479 -1.10462021005557 0.223288935295659 -4.94704410047425 7.53489104585141e-07 0.000213632811870298
"XM_011444981.3" 21.7225385280751 0.885575095235298 0.228346210237577 3.87821236145729 0.000105226845030494 0.00997773488176566
"XM_011445161.3" 8.40627659630436 -1.59176660854562 0.447253490929226 -3.55898084828478 0.000372296675601859 0.0243403826541891
"XM_011445240.3" 16.474183883483 1.43310061690807 0.411360476485806 3.48380726595526 0.000494335328545367 0.0294912218088023
"XM_011445572.3" 6.03681314574585 -5.92367339674565 1.09783716372025 -5.39576687008123 6.82314934299288e-08 3.10139213628483e-05
"XM_011445615.3" 61.6309711462517 -0.68779891548005 0.201751420209862 -3.40914039050927 0.000651679333912511 0.0349466093743795
"XM_011445644.3" 5.87006265388042 -2.69994937999821 0.770039453362226 -3.50624811262515 0.000454471363916051 0.0276861042720007
"XM_011445894.3" 5.96009419388624 -5.9037327375753 1.5304414185178 -3.85753591489503 0.000114535853824218 0.0106835462870043
"XM_011445901.3" 2513.21649568615 0.492440243938717 0.13385155857717 3.67900268904832 0.000234147799553402 0.0172810731649774
"XM_011445971.3" 38.4354394144263 -0.719533387347987 0.167605437887063 -4.29301934602401 1.76259641711e-05 0.00276029299731047
"XM_011446090.3" 16.6793394472845 0.843922751817233 0.229489454974426 3.67739228763813 0.000235630522712703 0.0173457985820076
"XM_011446277.3" 106.509089184718 -2.23395874624362 0.24951083331406 -8.95335371443262 3.44842716867101e-19 8.22909670017192e-16
"XM_011446462.3" 14.687739809603 1.18713833351643 0.259606392138097 4.57283938095382 4.81158982680187e-06 0.000963529274687402
"XM_011446549.3" 29.0144119729237 -0.619898326979504 0.171547208048795 -3.61357281199925 0.000302006493776526 0.0208895119704942
"XM_011446559.3" 14.0368342271407 0.795569297351298 0.223949274732243 3.55245310931457 0.000381657034300763 0.0246999915016915
"XM_011446560.3" 7.71238710905306 1.16195340691033 0.3402889711069 3.41460789378715 0.000638738901925451 0.0346419075673053
"XM_011446628.3" 9.17078164850105 -1.31465863580482 0.32281517524088 -4.07248090125825 4.651501540148e-05 0.00586785894729859
"XM_011446920.3" 44.6872141981465 -0.673001427944534 0.192899417704233 -3.48887226283091 0.000485062885443489 0.0290591229865267
"XM_011447370.3" 75.0922516711806 0.608797954905354 0.117255904083925 5.19204520797187 2.07996479981864e-07 7.53947746931728e-05
"XM_011447436.3" 36.6474227444897 0.648365903994549 0.155075255987963 4.18097587435145 2.90260663600525e-05 0.00413400865860094
"XM_011447610.3" 4.06915606666587 1.45079275141903 0.373956648937144 3.87957469279516 0.000104639266300655 0.00997773488176566
"XM_011447654.3" 146.236507961773 0.61462356674463 0.125095716573486 4.91322631645486 8.95897607529834e-07 0.000249076930963343
"XM_011447984.3" 34.1079575376765 0.981872830001319 0.279914808253603 3.50775593519777 0.000451903434231391 0.0275921252508531
"XM_011448254.3" 29.771042957502 -0.709412457983475 0.202936559411491 -3.49573512057534 0.000472757742549914 0.0285625736063178
"XM_011448744.3" 14.7958722021455 0.938077469121758 0.26286451393663 3.56867290709276 0.000358794030679636 0.0236737923100048
"XM_011448927.3" 80.1516366386848 -0.920580292133947 0.244831248201484 -3.76006044529231 0.000169872307071876 0.0139382905023216
"XM_011449158.3" 5.2921746656697 -3.67043712518356 0.681205069223709 -5.38815298213553 7.11854486734682e-08 3.13610232032836e-05
"XM_011449159.3" 64.3031848688056 -3.70329147931582 0.55888273721978 -6.62624059161001 3.44343774079554e-11 2.98806918622488e-08
"XM_011449346.3" 36.4049252931534 1.23698465590499 0.178287769126295 6.93813525160404 3.97309254552086e-12 3.88971823651903e-09
"XM_011449554.3" 39.2981529858185 0.640533994050085 0.168570572931929 3.79979721792094 0.000144814536689414 0.0123788330526509
"XM_011449723.3" 100.3969460317 1.19052012858747 0.137831030923895 8.63753336681369 5.74396849911222e-18 1.17488772814698e-14
"XM_011449733.3" 21.2560482825262 -1.38423072575762 0.422212378029153 -3.27851763185882 0.001043538448751 0.0476599154998943
"XM_011449777.3" 8.2772483092089 -3.78075267541046 1.04801950906506 -3.60752127485037 0.000309136197138625 0.0211551190519151
"XM_011450148.3" 64.8751457784029 -0.482752935422872 0.136265150831041 -3.54274686138535 0.000395982608859736 0.0253676912467727
"XM_011450198.3" 59.5572666632316 0.980865964515496 0.285265503973428 3.43843174464888 0.000585094018188658 0.0329169986342837
"XM_011450350.3" 32.9075759794536 0.874739331710991 0.223873947155021 3.90728507192165 9.33390057220957e-05 0.0093456495379648
"XM_011450391.3" 94.9629919067184 0.820596499264412 0.189531960696713 4.32959431352858 1.49384283246624e-05 0.00248211288874803
"XM_011450458.3" 10.0751696339254 2.28604715402696 0.66847303651593 3.41980458320623 0.000626661350502462 0.0343118057992132
"XM_011450479.3" 28.329179932711 3.18436611211563 0.628092054158593 5.06990351339739 3.98017429747e-07 0.000128063226047585
"XM_011450557.3" 2082.80183148266 0.537875684246552 0.123522951676513 4.3544594502175 1.33395669072921e-05 0.00229299744310932
"XM_011450795.3" 172.797554949184 0.610037567182838 0.111439180555975 5.47417491890496 4.39554730136441e-08 2.13340495799782e-05
"XM_011450825.3" 511.628217271074 1.5655257462635 0.346737920828042 4.51501163335374 6.33132901536358e-06 0.00120869291789301
"XM_011450917.3" 23.3040479193593 -1.08045300236039 0.329026538368786 -3.28378679639931 0.00102422373614773 0.0469274734533223
"XM_011451275.3" 558.112935168582 0.724761016052222 0.0907172253825675 7.98923261812518 1.3578127732905e-15 2.28719568093805e-12
"XM_011451289.3" 37.0624130233525 -1.26733622824042 0.286959880442788 -4.41642304242977 1.00347604021807e-05 0.0017959712429803
"XM_011451801.3" 175.951717933561 0.494221321999838 0.124860416115524 3.95819057292402 7.55196934846338e-05 0.00815259806220656
"XM_011451960.3" 50.7672232705404 -0.423058426929283 0.126087009193294 -3.35528957055938 0.000792819480702847 0.0398301379814153
"XM_011452003.3" 22.4436952412155 0.790977809750515 0.167933102336767 4.7100768028707 2.47623461128458e-06 0.000570204671533851
"XM_011452055.3" 48.1409597398897 0.709715934049936 0.188629920526927 3.7624780420168 0.000168238083316706 0.0138837629794155
"XM_011452353.3" 5.60578133751059 3.38269649297974 0.960880935475921 3.52041170564416 0.000430877421192704 0.0268230561592919
"XM_011452951.3" 39.1877402439909 -1.19291795964166 0.262276374671335 -4.54832411473026 5.40748098645967e-06 0.0010679215553673
"XM_011453270.3" 1630.084664377 -1.50485354475958 0.43911758847351 -3.42699446403605 0.000610301511935165 0.0338038570517899
"XM_011453395.3" 50.8248989444741 -0.479771403534896 0.138138320222676 -3.47312319102704 0.000514439168788636 0.0301257260479169
"XM_011453426.3" 51.262004212036 -0.418059887525337 0.1269919385568 -3.29201910197118 0.000994708552097233 0.0457949744338527
"XM_011453448.3" 29.4977216370504 1.06663734671572 0.231395362280952 4.60958826573478 4.03467212663302e-06 0.000843334824950826
"XM_011453578.3" 64.3102726199982 0.925864315563132 0.218313591462881 4.24098339163897 2.22542605301057e-05 0.00335406844494792
"XM_011453904.3" 54.6478033592869 -0.973752703419758 0.254900910207734 -3.82012250417698 0.000133385408183153 0.0117889646565827
"XM_011453980.3" 24.3829144968121 0.984467160389182 0.283133985627927 3.47703635155581 0.000506989074773833 0.0298727142905833
"XM_011454472.3" 19.127243468951 -0.807471365298742 0.237474936372243 -3.40023826359943 0.000673271583184936 0.0359028027115155
"XM_011454490.3" 5.26982160758992 -2.83854699192467 0.838640659702127 -3.38469994160893 0.000712561019808832 0.0370324816029868
"XM_011454835.3" 3.49391493281896 -5.13283948800301 1.47895562645691 -3.47058383374192 0.000519328201635976 0.0302881514909324
"XM_011454889.3" 139.908512124564 0.834976327729497 0.163039050039024 5.12132723742957 3.03392622186403e-07 0.000104674109987107
"XM_011454902.3" 69.6983632850038 1.15227873065914 0.245708690576578 4.6896132487427 2.73721909361472e-06 0.000612367234099619
"XM_011455053.3" 45.0224006525024 -0.833522164657774 0.191090018211019 -4.36193461312732 1.28917402066269e-05 0.00225102361315225
"XM_011455219.3" 321.646226767337 6.29956383487891 0.761120991464099 8.2766917553555 1.26644496115046e-16 2.26661986921904e-13
"XM_011455313.3" 59.0794964098845 -0.759467682285947 0.209337495565468 -3.62795819370272 0.000285671503353403 0.0201987386914273
"XM_011455565.3" 13.5269145945781 -0.863301138579052 0.202680321747405 -4.25942257805847 2.04955673064695e-05 0.00313856184699498
"XM_011455935.3" 53.6265757702141 -1.05848540434768 0.183971852333962 -5.75351821987543 8.74050234657404e-09 5.00586050392989e-06
"XM_011456072.3" 76.1478174862192 -0.877547266521749 0.251290195810653 -3.49216675044091 0.000479119039307652 0.0288843217044504
"XM_011456103.3" 8.59183561904663 -6.43134910285342 1.8489174354065 -3.47844039960575 0.000504340577899669 0.0297779315231648
"XM_011456107.3" 370.195286339022 -1.49104640722393 0.137302897205858 -10.8595407494454 1.79650393701157e-27 1.02889373480527e-23
"XM_011456111.3" 230.648126298781 -1.32518793396555 0.110690713151904 -11.9719884011133 4.98201626263087e-33 1.42665017696697e-28
"XM_011456194.3" 75.0818144531838 -0.546156732469546 0.149620539873701 -3.65027911896704 0.000261955493039529 0.018847631906231
"XM_011456293.3" 6.32679647537128 -2.23815316339452 0.427244035255235 -5.23858258678193 1.618145615137e-07 6.34756408699493e-05
"XM_011456384.3" 620.199077291039 1.71303191274552 0.310980839691427 5.50848056891635 3.61944184279869e-08 1.8183567826383e-05
"XM_011456565.3" 68.1466579646057 -0.739178051516418 0.137687945758154 -5.36850228570311 7.93931852210998e-08 3.44470189695669e-05
"XM_011456616.3" 21.0317473641455 -5.62582218212744 0.976746256493972 -5.75975812010923 8.42345557477992e-09 4.92273620080404e-06
"XM_011456675.3" 65.0058322090072 0.521721145916111 0.123850788970336 4.21249755656437 2.52562447826563e-05 0.00370891192613408
"XM_011456825.3" 13.9686455469572 -1.11070358070359 0.32545723120289 -3.41274820227047 0.00064311333608469 0.0347886126109026
"XM_011456827.3" 60.8797771189411 0.577234350599687 0.158556276867776 3.64056448601563 0.000272040960182793 0.0194268452264201
"XM_011456828.3" 43.606575443768 -1.00339677021214 0.251182534392239 -3.99469163984655 6.4778506937648e-05 0.00737678516788863
"XM_011456964.3" 28.7901293426713 -1.89803570881299 0.443370994832289 -4.28091988636052 1.86122357553846e-05 0.00289663034288692
"XM_011457205.3" 16.3506887923366 -0.703544697604707 0.212019013603237 -3.31830945559105 0.000905640888911943 0.0431155813684936
"XM_011457389.3" 1063.38217075108 0.817605960165622 0.22555957365295 3.62478943777224 0.000289196976114916 0.0203969000341947
"XM_011457628.3" 28.3912754887987 -1.20571384644198 0.278814717901987 -4.32442682909526 1.52928951224245e-05 0.00251682382026292
"XM_011457656.3" 1745.07173374701 9.03734814894132 0.869131420788452 10.3981376495892 2.52826117093859e-25 1.03427552701425e-21
"XM_011457739.3" 167.507971739336 -1.22232894014399 0.229476624587586 -5.32659455986312 1.00071194129528e-07 4.15309958709155e-05
"XM_011458167.3" 30.7277432330655 -0.560956876604648 0.169458837416448 -3.31028399083187 0.000932013576613955 0.0437152669783199
"XM_011458492.3" 22.5993743658615 1.29433216164009 0.390047260025687 3.31839829243987 0.000905352869108088 0.0431155813684936
"XM_011458845.3" 46.6299033703469 -0.924660411997511 0.236998647711251 -3.90154298738479 9.55814833581133e-05 0.00947083514686136
"XM_020062513.2" 7.78655629759502 -3.06628092360443 0.767738662687291 -3.99391234625546 6.49918983200729e-05 0.00737678516788863
"XM_020062754.2" 14.410598186085 -2.90274468814242 0.648021631219908 -4.47939474285445 7.48549909153276e-06 0.00141022863148113
"XM_020062833.2" 4.72753164804885 1.33346473235032 0.376640190679466 3.54042071278885 0.000399489649660973 0.0255352357314545
"XM_020064462.2" 10.1300113852872 6.46123661807259 1.66588459917319 3.87856194917668 0.000105075770234766 0.00997773488176566
"XM_020064854.2" 10.8054314474058 -1.25985262317041 0.330866280180379 -3.80773955715152 0.000140242859219585 0.0122813287969787
"XM_020066003.2" 108.097836215497 -0.649926430318145 0.187472618860236 -3.46678055851279 0.000526731718093144 0.0304716959178086
"XM_020066098.2" 46.1205534879403 -2.32789608084733 0.594486655558165 -3.91580880593806 9.01016333709029e-05 0.00915755667982811
"XM_020066286.2" 2.92426668516865 -4.61790948094742 1.24904828683669 -3.69714248008989 0.000218039978618786 0.0163879076843243
"XM_020066648.2" 4.4052470457364 3.27408910383346 0.920300968586515 3.55762866235175 0.00037421781979312 0.0244102539580769
"XM_020066761.2" 161.284995531975 -0.495488088126885 0.120992037766808 -4.09521235671603 4.21781602725263e-05 0.00546522080345729
"XM_020066767.2" 4.25013282006592 -3.4642917007651 0.905656835519846 -3.82517037899526 0.000130681676842696 0.0116579454768457
"XM_020067494.2" 5.55695503061436 -1.48461531791273 0.367235475812136 -4.04267946779793 5.28438372691156e-05 0.00638496254868521
"XM_020067935.2" 5.34618316798806 -3.93167590831863 1.15240382586515 -3.41171716031658 0.000645550581220483 0.0348135337925231
"XM_020068321.2" 9.59421565029885 -3.29182196006206 0.866261296145196 -3.80003351726603 0.000144676518570942 0.0123788330526509
"XM_020069400.2" 1206.92796401448 0.459866559786321 0.092644415309176 4.96378069041333 6.91340059607332e-07 0.000202012387213424
"XM_020069871.2" 39.6609639081078 0.830590457160889 0.233187354223527 3.56190180177913 0.000368178101692074 0.0241839406730196
"XM_020070330.2" 11.7952072626375 6.96928432966057 1.35394943516813 5.14737415492563 2.64158104837e-07 9.45553936264041e-05
"XM_020071416.2" 10.6986255529237 -6.25728382450497 1.8803202772699 -3.32777553917044 0.000875423699076633 0.0422030859373038
"XM_020072032.2" 132.506400866528 -0.584885440744438 0.146379003445129 -3.99569218930833 6.4505501988673e-05 0.00737678516788863
"XM_020072293.2" 11.5409442516095 -6.85690056207294 1.15315907615371 -5.94618791445815 2.74459055234014e-09 1.78622943310937e-06
"XM_020073465.2" 37.4975046428116 -0.78113514958685 0.187196515608753 -4.17280816924739 3.00868247732684e-05 0.00420276250832836
"XM_020073627.2" 1065.71763475796 -1.9061682693392 0.375051656835816 -5.08241527426087 3.72665553938269e-07 0.000121268759120185
"XM_020073629.2" 5.38000146073555 -5.75316208504332 0.778108262946616 -7.39378099296452 1.4271139760479e-13 1.57180137761953e-10
"XM_020074026.2" 74.5497286386253 1.68285510844316 0.462957697471785 3.63500837686304 0.000277971603379366 0.0198009821750535
"XM_020074730.2" 17.5949772448937 -1.15698978782362 0.226482465475825 -5.108518160083 3.24695202298324e-07 0.000109387903682527
"XM_034442975.1" 19.0064128661817 -0.945141556228972 0.247564358156225 -3.8177610188642 0.00013466827822066 0.0118657255850056
"XM_034443012.1" 18.2223157876267 -1.66677118000041 0.397444120563769 -4.19372458607795 2.74411127452141e-05 0.00397853206484293
"XM_034443058.1" 20.9542300384056 2.78838022959657 0.357055384645542 7.80937733893768 5.74711989144487e-15 8.66181711639028e-12
"XM_034443437.1" 10.5377479303356 1.88502242576461 0.534920522146571 3.523929906821 0.000425196712219148 0.0266584380349155
"XM_034443788.1" 113.932098097596 0.600360559992201 0.171982788974523 3.49081767758246 0.000481544747257087 0.0289088372797777
"XM_034443917.1" 148.31999962382 1.09040873836037 0.282531023372126 3.85943010911117 0.000113651754656582 0.0106357243344637
"XM_034444151.1" 9.48994570194185 -2.13507264826042 0.52797631570495 -4.04387959223074 5.25739266961469e-05 0.00637926680030026
"XM_034444207.1" 6.724181201327 6.414620353603 1.09268075382994 5.8705347660963 4.34391673942933e-09 2.64664680319784e-06
"XM_034444279.1" 45.0465663687555 -0.511469323575635 0.147033011149987 -3.47860197907454 0.000504036614835515 0.0297779315231648
"XM_034444338.1" 20.5634911909955 0.810537011267812 0.186162514377478 4.35392170103752 1.33723485472571e-05 0.00229299744310932
"XM_034444440.1" 159.699283705622 -0.503425934840785 0.140252256841877 -3.58943197191012 0.000331399297064823 0.0222768785698316
"XM_034444588.1" 83.7839086726866 3.43613714191526 0.544392774677576 6.31187132112537 2.75681412087356e-10 2.0774770832983e-07
"XM_034444629.1" 3.12238875957526 4.54278563657314 1.15522307944027 3.932388226501 8.41060898490708e-05 0.00869480862425267
"XM_034445004.1" 9.28105971234053 -1.51853180140303 0.446358874746413 -3.40204236392911 0.000668842690131549 0.035733170288446
"XM_034445010.1" 22.3512801969438 0.915511921529915 0.254231910345706 3.60108973057315 0.000316886176587582 0.0216056013161
"XM_034445074.1" 1314.89501437972 0.554481600433416 0.112263184090473 4.93912233939986 7.84749693319122e-07 0.000220314629587121
"XM_034445114.1" 9.13031594820487 2.06408527741302 0.469403196554869 4.39725441275676 1.09628817445416e-05 0.00194328203431606
"XM_034445166.1" 90.3620716440188 -3.33441737058765 0.521517994656247 -6.39367654568755 1.61943817460517e-10 1.28817309911093e-07
"XM_034445168.1" 4.65271716980016 -1.63348842136015 0.474649689017327 -3.44146105887477 0.000578581744143661 0.0326790272688321
"XM_034445394.1" 8.56876639640333 -1.53348445315698 0.386731589919596 -3.9652422846445 7.33214332892433e-05 0.00801386474683501
"XM_034445439.1" 7.79559385323259 2.97809166370808 0.79487714405525 3.74660623466245 0.000179243113601314 0.014540526348689
"XM_034445598.1" 7.85846682492382 1.11643649116763 0.309503766802064 3.60718224111832 0.00030954025990894 0.0211551190519151
"XM_034445599.1" 263.698541297417 -1.28048910016113 0.226763803233702 -5.64679671932236 1.63464921589141e-08 9.02972464250852e-06
"XM_034445600.1" 311.962572817768 0.892460084038228 0.230203785082987 3.87682628118605 0.000105827861357212 0.0100016060654294
"XM_034445754.1" 21.6356963680983 8.08393211796356 2.17653393057323 3.71413098799453 0.000203903164417573 0.0157384663511095
"XM_034445756.1" 11.2484640377182 7.14183369095858 2.11718997406982 3.37326067968763 0.000742835896666323 0.0382587207498864
"XM_034445759.1" 23.9589815923265 5.96672747640473 1.70298236011125 3.50369305998857 0.000458853912463626 0.0278384335536195
"XM_034445800.1" 9.08796367256708 -6.0177876571623 1.79777856222741 -3.34734643275887 0.000815891786965664 0.0403926974618998
"XM_034446085.1" 212.993648693338 0.49641696610524 0.149441590367482 3.32181265526239 0.000894347211045537 0.0428987047495812
"XM_034446130.1" 8.74939639899043 -6.4584298656939 1.30416765151647 -4.95214695609427 7.33991393822408e-07 0.000210185775534985
"XM_034446503.1" 11.9872566387866 -1.03986148689959 0.271049425420478 -3.83642756403728 0.000124836993916511 0.0113060957557192
"XM_034446890.1" 102.722362899927 -0.712662769262399 0.148788722650709 -4.78976334070305 1.66978129817279e-06 0.000423149179243151
"XM_034447263.1" 6.38283057340954 -2.9083176221752 0.605563736007283 -4.80266146937871 1.56570469023617e-06 0.000403923599185613
"XM_034447485.1" 6.76333301370352 1.08347259057808 0.324520924834597 3.33868329486091 0.000841764750833649 0.0412047442818331
"XM_034447633.1" 57.9759685026876 -0.435705028604561 0.120429465177635 -3.61792712407956 0.00029697198386166 0.0206739707413747
"XM_034447648.1" 69.2130100878118 -0.813828972261177 0.17094086897596 -4.76088004662962 1.92750592786457e-06 0.000471761194447264
"XM_034447656.1" 3.39980250172728 -4.58450231346242 1.30396988574834 -3.51580382612241 0.000438424802398316 0.0271160532213352
"XM_034447990.1" 41.9903768122942 -4.00947925471312 0.907614006838543 -4.41760398638975 9.98010597765622e-06 0.0017959712429803
"XM_034447998.1" 68.5240406274994 -0.576389962416652 0.163428276225646 -3.52686802876651 0.000420506303717843 0.0264650956335476
"XM_034448036.1" 10.0519052146876 -1.09355007328358 0.275534688371245 -3.96882904199042 7.22266741256992e-05 0.00794300843727266
"XM_034448037.1" 23.186416705829 -1.1263985709672 0.261433467228007 -4.30854772692444 1.6433001835693e-05 0.00262891307579277
"XM_034448157.1" 11.5755415512051 -5.69540362444472 1.51408504693377 -3.76161407576061 0.000168820393212792 0.013891783850694
"XM_034448176.1" 7.95847506160657 1.37480459099821 0.299312155881288 4.59321335262935 4.3647241680871e-06 0.000905711893314074
"XM_034448205.1" 44.873935000458 2.40253165543329 0.616681404021102 3.89590417315563 9.78330668925074e-05 0.00956159625779469
"XM_034448256.1" 3.53116843712901 -2.28049004459677 0.661907202665572 -3.44533196709901 0.00057035845642717 0.0323392794396482
"XM_034448598.1" 26.4479168382291 0.755680465430033 0.162998193180023 4.63612786551213 3.54996417160687e-06 0.00076433664675289
"XM_034448601.1" 128.120943473559 -0.567560065390569 0.119888486473779 -4.73406648197783 2.20065591073978e-06 0.000520809774049127
"XM_034449099.1" 9.70781328943055 3.81819575452345 1.08826703932608 3.50850996726678 0.000450624348676463 0.0275921252508531
"XM_034449458.1" 11.1330309211345 2.3115314292432 0.610894969029965 3.78384427181265 0.000154424467474482 0.0130445399722693
"XM_034449476.1" 101.16885974711 -0.712395791844568 0.151384139020304 -4.70588131923795 2.52771546312748e-06 0.000574473492080305
"XM_034449510.1" 86.5285584329639 0.829893875397772 0.224399171801943 3.69829295150093 0.000217054296870103 0.0163567548557165
"XM_034449775.1" 105.472675695109 0.789524112270372 0.162109684257845 4.87030812431036 1.11424356155509e-06 0.000295439616932329
"XM_034450019.1" 6.49206713403347 2.39765610259274 0.609613067080759 3.93307859044811 8.38648028480274e-05 0.00869480862425267
"XM_034450047.1" 26.2315212311522 -0.627357268882454 0.154595653823248 -4.05805243140742 4.94836597306589e-05 0.00607417316748627
"XM_034450222.1" 114.23202199292 -6.0833183241664 1.57869468735571 -3.85338493433196 0.000116496023275023 0.0107612262016244
"XM_034450223.1" 302.541559979634 -3.07408903116903 0.739768280309481 -4.1554755901172 3.24611601827799e-05 0.00444764489470854
"XM_034450492.1" 9.59022406418268 -3.3211899596165 0.829027106106143 -4.00612951633849 6.17218137967123e-05 0.00715573222624556
"XM_034450567.1" 12.6429344978059 -2.91296385355767 0.638349007939195 -4.56327779526389 5.0361107344416e-06 0.00100148657632965
"XM_034450895.1" 124.841827192136 -0.389853762679189 0.104138870422783 -3.74359507738523 0.000181405914010834 0.0146148588246486
"XM_034450902.1" 18.8822664760616 -1.27913110329947 0.363683409750248 -3.51715549570404 0.000436198169030465 0.0270367332648407
"XM_034451035.1" 16.2390003575105 -0.675706302497511 0.191575600941355 -3.52710000217802 0.000420138047629331 0.0264650956335476
"XM_034451072.1" 44.4436719076905 0.685414168985137 0.204169783198587 3.35707937897188 0.000787704944281916 0.0397269933460583
"XM_034451574.1" 5.77407402688503 4.01199910576017 1.14226596994945 3.51231605537343 0.000444219387180088 0.0273562717662129
"XM_034451662.1" 9.17870436425027 -3.49044421050686 0.810034874244874 -4.30900486076072 1.63990764453912e-05 0.00262891307579277
"XM_034452431.1" 4.76803476764299 5.86225187045486 1.55523693073173 3.76936256760358 0.000163664997033511 0.0137353235223447
"XM_034452505.1" 10.4035625782894 4.28939458712134 1.25699263468514 3.41242618990824 0.000643873609574604 0.0347886126109026
"XM_034452715.1" 58.8538304409872 -0.513292445137594 0.146415755040769 -3.50571866391476 0.000455376278534444 0.0276861042720007
"XM_034452824.1" 9.12548753088887 0.868212843895317 0.250276244069732 3.4690181927671 0.000522364080098982 0.0303256055686037
"XM_034453221.1" 64.5200348496964 -0.568969477789768 0.151180795413781 -3.76350366614028 0.000167549269490075 0.0138724323009135
"XM_034453254.1" 101.819995347368 -2.43662366666162 0.691976400510426 -3.5212525526366 0.000429513328859022 0.0267963914710391
"XM_034453255.1" 269.301506111863 -1.46442694625004 0.245588099161671 -5.96293937389045 2.47740360018392e-09 1.64983556964806e-06
"XM_034453256.1" 11.3121010901169 -4.4970637983024 1.33449882652276 -3.36985219389079 0.000752085130196764 0.0385132813348862
"XM_034453498.1" 7.32470566141104 1.64903300607073 0.498740080880108 3.30639759924798 0.000945038854090665 0.0440751345696096
"XM_034453633.1" 8.3640714087113 -1.21289224606823 0.32530722949799 -3.72845155621027 0.000192659934268567 0.0150813388358607
"XM_034453721.1" 9.01147549887196 1.39613906805532 0.313335022321177 4.45573896499905 8.36047102451204e-06 0.00155461330037615
"XM_034454014.1" 63.4153023421964 -0.783369443860676 0.222706138683678 -3.51750269880678 0.00043562792071139 0.0270367332648407
"XM_034454032.1" 9.32396631460576 3.8665341069687 1.15102848743346 3.35919931537944 0.000781686661267713 0.039618370322234
"XM_034454272.1" 31.2641172429849 -1.19233994934345 0.268377807779924 -4.44276655810975 8.88095051310089e-06 0.00163022371085357
"XM_034454297.1" 31.854897399898 1.39126702043457 0.272725067419128 5.10135365846825 3.3723272525354e-07 0.000112290654887911
"XM_034454369.1" 89.7101508747134 -0.617383428575713 0.12901721010381 -4.78527963888657 1.707494324577e-06 0.000428910591917429
"XM_034454728.1" 1249.89289893902 0.698168047876877 0.161796165456011 4.31510874135453 1.59524358108642e-05 0.00261036543931375
"XM_034454919.1" 10.9371741612907 -1.68101017561448 0.482623398020699 -3.48306812829325 0.000495702199278757 0.0295112851944833
"XM_034454979.1" 253.181497059986 -1.30835493478654 0.387440072185583 -3.3769220808937 0.000733018119535496 0.0379578786094366
"XM_034454981.1" 557.735232783075 -1.3154535881019 0.393285786220163 -3.34477785415184 0.00082348498969995 0.0404482266981951
"XM_034455327.1" 9.98382521500873 -1.14511958297466 0.306253085963286 -3.73912830746769 0.00018465946368882 0.0146550374828849
"XM_034455351.1" 147.180262513077 0.457283001522021 0.128485938010898 3.55901204911027 0.000372252455449614 0.0243403826541891
"XM_034455601.1" 28.8528976181134 -0.70369986639694 0.170695810904555 -4.12253741124563 3.74721728864692e-05 0.00496783862396728
"XM_034455724.1" 70.0625812236614 -1.26914677953183 0.252980641645473 -5.01677429259751 5.2546237615812e-07 0.000160116978338659
"XM_034455726.1" 38.7608742333079 -1.28567609634103 0.365026540256356 -3.52214415817028 0.000428071296931485 0.0267647372465721
"XM_034455789.1" 24.7884869830643 -1.27689109306041 0.250860237113488 -5.09004977334352 3.57969540127889e-07 0.000117825468403474
"XM_034456000.1" 4.80397965913894 -1.92216926570265 0.473505477225462 -4.05944462768568 4.91895705084057e-05 0.00607151957361511
"XM_034456029.1" 10.1071139141346 -2.15565977820671 0.447429699025172 -4.81787369703734 1.45096166062134e-06 0.000381190257922501
"XM_034456217.1" 4.11018666730949 1.71488590600205 0.46072797675204 3.72212236402781 0.000197555239176497 0.0153314247353919
"XM_034456345.1" 3.95702528625995 4.38031521476766 1.23862769501864 3.53642602404572 0.000405580071115757 0.0257520862892923
"XM_034456594.1" 137.204917917522 0.777160763609021 0.154418856468467 5.0328099908428 4.83342138129518e-07 0.000150518202347218
"XM_034456595.1" 1799.00443381653 0.736284435999973 0.124043219719308 5.93570884137063 2.92578627864465e-09 1.86184035278374e-06
"XM_034456624.1" 133.89568103066 -0.387300261608044 0.0966664008326083 -4.00656544851307 6.16080595217844e-05 0.00715573222624556
"XM_034456723.1" 138.564740005551 -0.384064403092626 0.0978554372063743 -3.92481413457532 8.67967276755276e-05 0.00890864191296204
"XM_034456859.1" 7.87341511373424 2.03381054277489 0.581800191791071 3.49571995931079 0.000472784602926199 0.0285625736063178
"XM_034456876.1" 870.199045221321 0.486772890019166 0.0930786801452493 5.22969265635866 1.6979207705417e-07 6.57049448449083e-05
"XM_034456921.1" 19.3495854761706 -0.926875097532748 0.282572978678204 -3.28012643625165 0.00103760574670224 0.0474646616015423
"XM_034457229.1" 24.5963694264255 -7.94814663078902 1.06876714808653 -7.4367430221064 1.03198026038413e-13 1.18372559794726e-10
"XM_034457255.1" 2359.89652769947 0.426281601022655 0.122438212194536 3.48160589232841 0.000498416667691677 0.0296113271701636
"XM_034457808.1" 86.2791487332414 0.801193652933413 0.224355877163283 3.57108386490056 0.000355507031567823 0.0235655077684634
"XM_034457811.1" 677.561951142919 7.99387481558969 0.933962176744056 8.55909908842095 1.13752917812865e-17 2.17161903632614e-14
"XM_034458118.1" 2.51183334230266 -4.65543153898765 1.34542518317934 -3.46019354861972 0.00053978725113065 0.0307915293294369
"XM_034458218.1" 126.510049827724 1.86872719066541 0.499006162166293 3.7448980240101 0.000180467062487966 0.0145984598909757
"XM_034458362.1" 27.7354633078322 -1.21893226254674 0.329498094731888 -3.69936057912135 0.000216143336770882 0.0163310833555963
"XM_034458699.1" 56.8369451715616 -0.584695109799946 0.156825124887254 -3.72832548496486 0.00019275632120146 0.0150813388358607
"XM_034458749.1" 10.8672550810193 0.815920801538179 0.245040255352217 3.32974188410548 0.000869265251514005 0.0420822777315114
"XM_034458842.1" 130.985603359486 -0.902791250947132 0.235359559064507 -3.83579598183941 0.000125158274708862 0.0113060957557192
"XM_034458843.1" 26.3319145893154 -2.03162050556633 0.478368642364671 -4.24697675734686 2.16674427349486e-05 0.00330036643701057
"XM_034458844.1" 4.37259014021762 -2.27786348315019 0.544555099268999 -4.18298072354469 2.87711795503815e-05 0.00411945748802363
"XM_034458912.1" 12.6958688373813 4.25056937079601 0.980308128219833 4.33595238929083 1.45130357436582e-05 0.00243038182196138
"XM_034458914.1" 36.5513336079547 0.554138456011432 0.162138787758142 3.4176797771427 0.000631573675848684 0.0343577393827561
"XM_034459041.1" 4.47963002493795 -2.81216691083787 0.734123320821139 -3.83064647461734 0.000127807024068937 0.0114729841418121
"XM_034459213.1" 4.49164416905652 -5.49732749682473 1.47389984155314 -3.72978362697416 0.000191644272314573 0.0150767180824179
"XM_034459707.1" 68.6097690671516 1.55005036579827 0.463781908845417 3.34219670115445 0.000831181364104217 0.0407563519563157
"XM_034460224.1" 8.05148176635958 1.80510851673709 0.474477231233507 3.80441546593145 0.000142139441455076 0.0123788330526509
"XM_034460679.1" 37.4465385623976 -1.68880557533986 0.460046640543738 -3.67094426196402 0.000241656039871602 0.0176532203004163
"XM_034460680.1" 11.9579659073974 -2.6498030390921 0.809825427931016 -3.27206697604193 0.00106764280921562 0.0483750308302191
"XM_034461373.1" 20.8180969294831 -0.782352377547919 0.232189295625758 -3.36945928295037 0.000753158176684463 0.0385132813348862
"XM_034461591.1" 4.0059987865732 4.38691674280141 1.2734816847217 3.44482122941571 0.000571437190824905 0.0323392794396482
"XM_034461595.1" 15.1288561750749 0.903992792063291 0.272552167147844 3.31676978217871 0.000910646205560806 0.0431452871238926
"XM_034461819.1" 32.0643329797869 -4.46620015637899 0.821085195696399 -5.43938702072323 5.34642003339536e-08 2.55166806793849e-05
"XM_034461937.1" 16.9467201927958 -4.31291446312995 1.04734482203613 -4.11795081465652 3.82256251772115e-05 0.00504437328375404
"XM_034462019.1" 76.4812519566674 -0.688293128824459 0.144769163742093 -4.75441807518247 1.99018822108982e-06 0.000475638149782887
"XM_034462297.1" 5.24128820832102 5.54504088264031 1.61300213863189 3.43771452612176 0.000586645818908137 0.0329395875887322
"XM_034462300.1" 7.83518664896105 -5.80392323138357 1.44567843930358 -4.0146709486651 5.95287852696442e-05 0.00701508763366886
"XM_034462375.1" 7.34638150937064 -3.30722271155308 0.871805704636247 -3.79353185459252 0.000148519567768102 0.0126201968623364
"XM_034462539.1" 23.7898549081297 -0.732721093002666 0.182110498694618 -4.02349726267769 5.73402509126243e-05 0.00684164760472463
"XM_034462577.1" 4.82598510032745 -2.7276059784833 0.776452693612805 -3.51290684019892 0.000443232854585743 0.0273543448791322
"XM_034462953.1" 6.54348646239944 3.95386255820962 1.05334269862428 3.75363361171399 0.000174289562986221 0.0142598740733526
"XM_034463139.1" 4.9162464308486 -3.04966092290389 0.868978688054776 -3.50947723439641 0.000448988493443123 0.0275906319704662
"XM_034463176.1" 14.3188679899205 2.23923040942747 0.685711185736885 3.26555911002258 0.00109248201452899 0.0493391142213702
"XM_034463341.1" 6.98510037264715 -2.45718312935857 0.749593043339259 -3.27802285679227 0.00104536930563089 0.0476675086561243
"XM_034463456.1" 6.40823839567429 -1.54314886077551 0.434601106563592 -3.55072464719947 0.000384172116921807 0.0247773710364254
"XM_034463907.1" 779.88224771351 0.550187922251063 0.138646736970916 3.96827169734601 7.23957676396202e-05 0.00794300843727266
"XM_034463909.1" 41.127267118265 2.0267780632818 0.530268236865854 3.82217512265313 0.000132279691761309 0.0117274342206713
"XM_034463916.1" 44.3720543596797 -0.649410156860328 0.191662677757174 -3.38829742159344 0.000703279581665471 0.0366165710919499
"XM_034463962.1" 28.9151060304946 2.4553803901923 0.680530719489817 3.60803755050625 0.000308521844708339 0.0211551190519151
"XM_034464306.1" 10.6781580943704 1.22738213490201 0.34189324110817 3.58995729463306 0.000330732141621636 0.0222768785698316
"XM_034464976.1" 7.87853834073368 -6.30592342543638 1.55077135720717 -4.06631409338957 4.77625532992187e-05 0.00597261343352151
"XM_034465050.1" 4.532525184723 -4.75445289595751 1.20467559898075 -3.94666655486352 7.92468009004774e-05 0.00840485700217063
"XM_034465340.1" 7.01659471403694 -5.39610141404132 1.62524523232571 -3.32017673807881 0.00089960476437802 0.0430787324962023
"XM_034465546.1" 20.457410605975 1.17285280075681 0.301230183432239 3.8935434271335 9.87905072563965e-05 0.00962232981562642
"XM_034465703.1" 17.6360262210748 -1.53438003513517 0.380152575786216 -4.03622159329535 5.43189147049258e-05 0.00650826962966634
"XM_034466028.1" 27.2311471152729 -2.82604943372716 0.598740982728279 -4.71998663069582 2.35860144651628e-06 0.000553614024774099
"XM_034466117.1" 72.5057105089559 -0.587234556725901 0.153225502597976 -3.83248575967573 0.000126854944492873 0.0114233276430752
"XM_034466255.1" 156.900306635595 0.530064783198516 0.143575424544418 3.69189075972072 0.000222593075559851 0.0165994148743018
"XM_034466266.1" 32.4336933096506 2.0191757661424 0.5903024374692 3.42057839842098 0.000624881219244904 0.0342798823645538
"XM_034466358.1" 31.1675999686397 -2.78323831158917 0.720152085263604 -3.86479240780146 0.000111183721215698 0.010438875543386
"XM_034466383.1" 56.9906220976947 1.64742808626767 0.41626970372635 3.95759785427638 7.57072763447584e-05 0.00815259806220656
"XM_034466472.1" 3.01928339257848 -3.66244434188177 0.883765816258032 -4.14413442396877 3.41099625491064e-05 0.00462925539126167
"XM_034467233.1" 44.6049334861573 -2.82891858257029 0.446194697909529 -6.34009905501809 2.29617484060883e-10 1.77711520907228e-07
"XM_034467236.1" 80.3666418448105 0.89106858928206 0.223647076573235 3.98426218189476 6.76901070995484e-05 0.00757177307383855
"XM_034467405.1" 4.00944543190845 -2.62114648023375 0.496422735041925 -5.28006937476863 1.29134982514513e-07 5.20832304124734e-05
"XM_034467569.1" 10.0783017508556 -1.18349731929015 0.296443971826 -3.99231366386095 6.54317444001855e-05 0.00737678516788863
"XM_034467663.1" 9.84456261596183 -1.28883355644332 0.356031927562262 -3.61999432261011 0.000294609479927946 0.0205766757736992
"XM_034467708.1" 7.11120354778637 -1.18017593144984 0.311536717700144 -3.78824024391811 0.000151718105292815 0.0128538451572931
"XM_034467743.1" 66.5666326246161 -1.09593459658494 0.326808298672976 -3.35344788071493 0.000798114433928286 0.0399559526747734
"XM_034467910.1" 80.4076856009607 1.26893515199783 0.178870272445832 7.09416458445944 1.30135185625819e-12 1.33091113413606e-09
"XM_034467989.1" 46.5831590171044 -0.57306397640585 0.172116432666854 -3.32951344346687 0.000869978642864043 0.0420822777315114
"XM_034467998.1" 60.8567229680688 0.467478953335148 0.141116158088733 3.31272449354241 0.000923919437176337 0.0435153898075355
"XM_034467999.1" 60.8567229680688 0.467478953335148 0.141116158088733 3.31272449354241 0.000923919437176337 0.0435153898075355
"XM_034468378.1" 39.2653369655351 -1.46579065574143 0.444599645985315 -3.29687769429722 0.000977660648414211 0.045155306980628
"XM_034468454.1" 5.43764381536439 -3.18962703981169 0.75187593662753 -4.24222519225508 2.21314455190123e-05 0.00335320674011872
"XM_034468456.1" 3.15879548335211 -2.96308946212246 0.908888169668957 -3.26012545988106 0.00111362941587913 0.0499841566663241
"XM_034468483.1" 123.029033665409 -1.38418885136003 0.344560484107057 -4.01725942238331 5.8878894925715e-05 0.00696717369873048
"XM_034468505.1" 6.04794702826952 -4.08280738457109 1.21460833258739 -3.36141888296928 0.000775431294266369 0.0393710116003754
"XM_034468752.1" 405.863427922661 0.914981674046299 0.267216748509695 3.4241179834321 0.000616798361911918 0.0339666113302109
"XM_034468774.1" 43.7672611173947 0.796286647863531 0.200443670740443 3.97262056178693 7.1086236597349e-05 0.00789002120620809
"XM_034468775.1" 59.0467873408406 2.23887830339567 0.342106812286448 6.54438386781097 5.97411665802705e-11 4.88785156055036e-08
"XM_034469170.1" 24.1670271659378 0.670812361213752 0.179442627601042 3.73831107012756 0.000185260635871083 0.0146550374828849
"XM_034469354.1" 12.7333581949812 0.67251031541734 0.198373179787002 3.3901272144724 0.000698601967901059 0.0366165710919499
"XM_034469426.1" 11.0885085355176 1.75836901285039 0.427179649572356 4.11622841727285 3.8512264546343e-05 0.0050588862731609
"XM_034469641.1" 305.848721331185 1.14618975445747 0.29067091935289 3.943255682437 8.03828766215224e-05 0.00849388950160116
"XM_034469689.1" 6.88369790902312 2.29407823492605 0.573086245698525 4.00302441760723 6.25378448552975e-05 0.00722110373095282
"XM_034469778.1" 37.2649451140807 -1.03339728592667 0.264693797774162 -3.90412353676821 9.45674696184124e-05 0.00940289604164187
"XM_034469790.1" 76.7435902532958 -1.42032341966908 0.262736031181747 -5.40589508519512 6.44855365921151e-08 2.97839971911582e-05
"XM_034469794.1" 14.6024846508274 -1.15539872229239 0.250339624992137 -4.61532497034252 3.92480695348392e-06 0.000826402734705628
"XM_034470023.1" 25.4385182442806 -0.917803190017404 0.28034553617445 -3.27382844236294 0.00106101006632602 0.0481834938093819
"XM_034470024.1" 31.9936518684936 -0.911071967338303 0.276250540438372 -3.29799161982653 0.000973790406297839 0.0450492117524151
"XM_034470321.1" 14.1001915692395 1.95238669197944 0.49405363813872 3.95177070112222 7.75750540695999e-05 0.00826076708078322
"XM_034470478.1" 10.3914007928778 5.79875840812991 1.49904139319706 3.86831106495511 0.000109591803525098 0.0103232594925813
"XM_034470528.1" 8.00541478277172 -5.83151836465543 1.2711966041818 -4.58742443574169 4.4874777152216e-06 0.000924484977360328
"XM_034470745.1" 12.2137267932648 1.24122404064484 0.374631769136707 3.31318415281513 0.000922402245469095 0.0435153898075355
"XM_034471023.1" 27.8176742250489 -1.00006050916085 0.298815361760366 -3.34675065990365 0.000817647194935799 0.0403926974618998
"XM_034471029.1" 15.753304199545 7.62299031741942 1.96250103109642 3.88432423557024 0.000102614893985129 0.00986067149046363
"XM_034471090.1" 6.68668570073475 -1.70904258688869 0.386271880003402 -4.42445509332348 9.66860121911784e-06 0.00176350359560929
"XM_034471156.1" 129.111796816281 -3.30904405800126 0.767084766439952 -4.31379190771649 1.60478006332604e-05 0.0026110501075798
"XM_034471181.1" 79.6478801808382 -0.846148253503566 0.215371297322386 -3.92878839484809 8.53749215741856e-05 0.00879423113021
"XM_034471697.1" 50.1932333456888 -2.31184220362271 0.434532820695551 -5.32029364300301 1.03599899438113e-07 4.23812388615687e-05
"XM_034472167.1" 84.259995865287 1.03542648280633 0.232521775813141 4.45303016969223 8.4666852477568e-06 0.00156420644357912
"XM_034472465.1" 15.0844459901262 -1.57402333681405 0.399742911873576 -3.93758911055277 8.23043712962572e-05 0.0086017079432103
"XM_034472602.1" 194.907867319148 -0.854369337278594 0.201540740985318 -4.23918922348724 2.243285130666e-05 0.00336328340323307
"XM_034473158.1" 8.37390242295855 2.08216841505345 0.3776820315233 5.51301952771085 3.52729078165311e-08 1.80370533613247e-05
"XM_034473208.1" 20.3663312453367 -0.728403815929075 0.186835765108362 -3.89863158965636 9.67378256204151e-05 0.00951943618139276
"XM_034473312.1" 146.214753496135 -0.651768227844568 0.179511707339451 -3.63078396113794 0.000282561633885627 0.020028304326606
"XM_034474079.1" 44.3837737168927 -1.1588043324021 0.337957734467995 -3.42884394767963 0.000606157945369866 0.0336394165186269
"XM_034474325.1" 15.1374278583816 -2.28352295273905 0.546648873125127 -4.17731210106484 2.94974158087921e-05 0.00414062744657143
"XM_034474636.1" 15.1274625832329 2.93630458792309 0.616993336474233 4.75905397082957 1.94502427159515e-06 0.000472014534249141
"XM_034475156.1" 12.1805109407911 -6.19739660813928 1.60783832699328 -3.85448990989576 0.000115971166033977 0.0107474120082491
"XM_034475157.1" 12.7451459263059 -5.17600871075123 1.14445803984211 -4.52267233097102 6.10637335583301e-06 0.00117357119072238
"XM_034475344.1" 23.2772713097518 -6.8872593343873 1.51475390851318 -4.54678432957309 5.4471765465996e-06 0.00106839279170155
"XM_034475635.1" 5.70806140814144 6.16379846590658 1.81750262454302 3.391356019338 0.000695476942931242 0.0366165710919499
"XM_034475693.1" 8.24612824408721 -1.55764717169155 0.345368151344927 -4.51010657938719 6.47950636541576e-06 0.00122878903496719
"XM_034475942.1" 2.50916542330277 -4.65192413380323 1.2721871832709 -3.65663496297984 0.000255547890120236 0.0184329203563805
"XM_034476264.1" 9.43394939131954 3.16392409901884 0.850033322502517 3.72211772793115 0.000197558867417223 0.0153314247353919
"XM_034476343.1" 10.0219804467052 -6.65293857504694 1.83910232257222 -3.61749234579943 0.000297471124730761 0.0206739707413747
"XM_034476392.1" 39.9910618470389 -24.6382643474233 2.35939571153288 -10.4426163983387 1.58384151087432e-25 7.55914758423283e-22
"XM_034476775.1" 4.36084972211557 -3.50189639625689 0.944852400134509 -3.70628935880182 0.000210318000759015 0.0160604433859604
"XM_034476829.1" 10.841312589514 -6.7663321446366 1.84381834384108 -3.66973903217649 0.000242798211082367 0.0176915256299101
"XM_034476955.1" 14.7437428904022 7.28549906379318 1.80334094684301 4.04000090861765 5.34509943628605e-05 0.00643118770829779
"XM_034477308.1" 18.8315254317202 2.34990956587687 0.673974930943793 3.48664239274628 0.000489124920024345 0.0292412968889711
"XM_034477789.1" 7.20508542530208 -1.34692813000082 0.388949953915637 -3.46298570405016 0.000534216778091258 0.0306569772693813
"XM_034477841.1" 6.88381998069863 3.57486902400341 0.975232924664176 3.66565661760694 0.000246704772387824 0.0178399946012569
"XM_034477878.1" 13.3849108880146 0.944776225892529 0.259192102903703 3.64508106268785 0.000267307531563918 0.0191365461846609
"XM_034477892.1" 5.32778938866527 1.36239842807583 0.401936925681578 3.3895826459974 0.000699991051495302 0.0366165710919499
"XM_034477939.1" 14.7123092341692 0.835128943498897 0.253098530926766 3.29961987705311 0.000968158682412005 0.0448611521513757
"XM_034478177.1" 267.069172050034 -0.700456390409368 0.17263941397657 -4.05733762803684 4.96353024581571e-05 0.00607417316748627
"XM_034478323.1" 7.33564022210938 1.23916832540723 0.371417155422522 3.33632495784305 0.000848938698587874 0.0414849975644409
"XM_034478521.1" 104.889224863796 0.90591063822067 0.273837253859585 3.30820816179084 0.000938949897678191 0.04387980332472
"XM_034478695.1" 22.2556683218059 1.60393057223325 0.425931694828177 3.76569903510066 0.000166083756960676 0.0138658147647986
"XM_034478830.1" 2.67576500073475 3.54776950678152 0.867145369573174 4.09132036134587 4.28924126578519e-05 0.00548333539674217
"XM_034479290.1" 16.3235668180001 -3.38046515600496 0.810733971334279 -4.16963550995834 3.05087172108379e-05 0.00422051993260654
"XM_034479293.1" 10.7918696150507 7.08346919361378 1.61110689663519 4.39664755231802 1.09935636806538e-05 0.00194328203431606
"XM_034479721.1" 39.7090702114977 2.96522864160122 0.663135262419504 4.47152912783183 7.76622793221432e-06 0.00145355361481627
"XM_034479769.1" 5.68500912656055 1.50251255369468 0.420907410097445 3.56969850767614 0.000357392311442216 0.0236357649664187
"XM_034480056.1" 7.8136623502725 -1.26403026671694 0.31828373985131 -3.97139441464225 7.14531681179253e-05 0.00790012711283749
"XM_034480222.1" 153.264777810306 -0.92870377414259 0.268154653053114 -3.46331403751044 0.00053356526974905 0.0306569772693813
"XM_034480229.1" 214.9049329301 1.40239373286148 0.378091857960819 3.70913497165762 0.000207968549165422 0.0159508443744519
"XM_034480333.1" 13.0660743555031 -23.1972335298953 2.94584029547847 -7.87457268661183 3.41909387512546e-15 5.43939845600515e-12
"XM_034480625.1" 6.2981084916372 6.30745675256633 1.74813573000746 3.60810470508454 0.0003084420168618 0.0211551190519151
"XM_034480688.1" 43.9600724548676 0.677787704714565 0.156256775748936 4.33765320873887 1.44012144218751e-05 0.00242584221285185
"XM_034480902.1" 15.6216384023893 7.11408052992585 2.09916953534584 3.38899760602414 0.000701486229390259 0.0366165710919499
"XM_034481373.1" 15.0855984365386 -1.32652586308587 0.359981446258203 -3.6849839814644 0.000228717024539949 0.0170117940642233
"XM_034481378.1" 4.87478012057181 -1.32034987209045 0.394648513984813 -3.34563497720723 0.000820943914053139 0.0403926974618998
"XM_034481379.1" 4.87478012057181 -1.32034987209045 0.394648513984813 -3.34563497720723 0.000820943914053139 0.0403926974618998
"XM_034481710.1" 11.2524572561381 5.07467749038726 0.737756829209347 6.87852323349659 6.04761884878964e-12 5.58643914044968e-09
"XM_034481737.1" 3.37626607696402 -1.91551592296502 0.484705156568242 -3.95191983623003 7.75267132618462e-05 0.00826076708078322
"XM_034481740.1" 126.059969012698 0.57242854251715 0.166720758786577 3.43345691732323 0.000595936902141944 0.0332008737932621
"XM_034481831.1" 12.4681499936707 1.66337571440223 0.440258842361525 3.77817673230588 0.000157980752924195 0.0133056965904037
"XM_034481838.1" 3.17028433847522 -2.0835016526894 0.579880770356568 -3.59298283232992 0.000326914134147562 0.022183680439454
"XM_034481852.1" 9.4868136009157 -0.88536412510287 0.251254215054771 -3.52377819775031 0.000425440221467956 0.0266584380349155
"XM_034481928.1" 11.1172850228825 -6.8027934717969 1.84838989699842 -3.68038879829621 0.000232878601474209 0.0172318130021071
"XM_034481940.1" 16.3094754228065 7.67758002192697 1.81848089815026 4.22197452265598 2.42171488245521e-05 0.00361188684239518
"XM_034482247.1" 9.02188459752287 -1.38776881572964 0.409352415055591 -3.39015665888078 0.000698526934243882 0.0366165710919499
"XM_034482265.1" 9.04925922814665 -1.12206800065463 0.326467067613363 -3.4370021112926 0.00058819101857692 0.0329617182152029
"XM_034482414.1" 13.8844016369129 1.80587382714595 0.508121292321841 3.55402116469884 0.000379388680695392 0.0246353157832046
"XM_034482422.1" 17.4214892859446 2.14399407231866 0.50894941420939 4.21258775913747 2.52461576152401e-05 0.00370891192613408
"XM_034482510.1" 40.4966864797231 0.7975402008634 0.204173298044364 3.90619247718723 9.37618362037374e-05 0.0093552750575966
"XM_034482609.1" 13.3540292229715 1.03341235023903 0.258843437992958 3.99242243980375 6.5401727733036e-05 0.00737678516788863
"XM_034482625.1" 14.7422991583096 2.95344050491794 0.618773885968131 4.77305292271182 1.81454084172076e-06 0.000451836448204484
"XM_034482640.1" 20.9742358304713 -0.898976383718163 0.234301917553791 -3.8368289645422 0.000124633208921198 0.0113060957557192
"XM_034482887.1" 49.3553692025203 -2.74085511133199 0.280706834906263 -9.76411960986717 1.60499912197091e-22 5.74509435709485e-19
"XM_034483005.1" 7.29491882969402 -5.7021538983556 1.74895886139336 -3.26031333510773 0.00111289194490143 0.0499841566663241
"XM_034483031.1" 31.1507356089119 -3.32611374969137 0.640338170540396 -5.19430810580039 2.05482595728505e-07 7.53947746931728e-05
"XM_034483547.1" 3.90339907434886 -2.9559685607795 0.712321145526645 -4.14976949560307 3.32810246705887e-05 0.00453826391650941
"XR_002199445.2" 22.254414363859 0.859509541173633 0.228059837147583 3.76878959453708 0.000164041089699745 0.0137353235223447
"XR_002200877.2" 13.4523738253797 -7.07820538410353 1.86139869020148 -3.80262725087518 0.000143169686112776 0.0123788330526509
"XR_002201667.2" 3.25811327758661 -2.67629104481164 0.810869454861671 -3.30052023635321 0.00096505753648258 0.0447899313042385
"XR_004595651.1" 21.4583340623083 -0.942027012157907 0.201195369290012 -4.68215056580168 2.83880839262757e-06 0.000630171450630103
"XR_004595795.1" 26.2963937215586 0.805618801984874 0.23563670816255 3.41890195405859 0.000628743774091234 0.0343577393827561
"XR_004596035.1" 2.60163115361867 5.0106836586583 1.27212981574686 3.93881473151114 8.18851283615271e-05 0.00858924005773146
"XR_004596248.1" 3.74681350089903 1.87899384293811 0.54971993293596 3.41809297855133 0.000630615601385488 0.0343577393827561
"XR_004596333.1" 11.9943386915534 6.49869173687416 1.87748927054982 3.46137356884657 0.00053742648848271 0.0307636878194443
"XR_004596712.1" 149.986537636418 0.445193656459512 0.135160221075782 3.2938216060619 0.000988352039522981 0.0455756022605154
"XR_004596743.1" 78.181387157998 -0.654644289441167 0.189297688893382 -3.45827935495758 0.000543637368585933 0.0309495023594965
"XR_004597046.1" 2.59752821913139 -3.14815572746297 0.906875919003598 -3.47142940009027 0.00051769544112605 0.0302545441879297
"XR_004597263.1" 11.5310742818807 -1.16825083588815 0.326969576684474 -3.57296494595737 0.000352962025267951 0.023505629199007
"XR_004597599.1" 20.0716875608205 -0.966094570807606 0.282278244449595 -3.42249036120853 0.000620502977774861 0.0341050350701745
"XR_004597797.1" 490.537069405167 4.05873650047573 0.354721132112781 11.4420487899923 2.57726442873352e-30 3.69012720906066e-26
"XR_004597817.1" 8.21268780480809 2.17847878847183 0.551277118536501 3.95169455655103 7.75997466381718e-05 0.00826076708078322
"XR_004598134.1" 16.9062396885171 -1.48594515199248 0.420166617390346 -3.53656166504061 0.000405371854027083 0.0257520862892923
"XR_004598294.1" 53.0630721572051 0.870544311938256 0.253488097087344 3.43426110314874 0.000594171558347534 0.0331670501848732
"XR_004598452.1" 16.1564492923356 1.54459993751093 0.300256888011909 5.14426146137125 2.6857526715354e-07 9.49496462988736e-05
"XR_004598549.1" 20.0852267270382 -1.36111375509836 0.294343873925015 -4.62422994216999 3.75992590464637e-06 0.000799943331603829
"XR_004598733.1" 2.84616827832718 3.97000867105776 0.661355821769937 6.00283318053076 1.93903816192751e-09 1.32205468583229e-06
"XR_004598744.1" 2.84616827832718 3.97000867105776 0.661355821769937 6.00283318053076 1.93903816192751e-09 1.32205468583229e-06
"XR_004598752.1" 2.84616827832718 3.97000867105776 0.661355821769937 6.00283318053076 1.93903816192751e-09 1.32205468583229e-06
"XR_004599041.1" 3.11452490016714 3.37027074283835 0.942883591753987 3.57442930634613 0.000350992627182313 0.0234289624055774
"XR_004599640.1" 16.073112905135 -0.914025831310524 0.221643890693701 -4.12384852318648 3.72593977701762e-05 0.00496260518393845
"XR_004599693.1" 2.98081733742982 3.49924606349378 0.698827272301774 5.00731182394768 5.51954691083407e-07 0.000166376574040678
"XR_004599841.1" 60.430272639864 0.735339359541631 0.198985499964227 3.69544192754663 0.000219504649624564 0.016415280446689
"XR_004600500.1" 107.16826722014 1.2342819185018 0.27938742417135 4.41781487539256 9.97037594166906e-06 0.0017959712429803
"XR_004600716.1" 21.7982972486946 3.85623339159884 0.942307974965954 4.09232808598289 4.27063837486334e-05 0.00548333539674217
"XR_004601051.1" 80.4279272893359 -4.14419323163844 0.836752479725989 -4.95271102512362 7.31866196998272e-07 0.000210185775534985
"XR_004601408.1" 4.76874935767023 -1.59013854534065 0.474624883932175 -3.3503058924485 0.000807223631364686 0.0402877232766556
"XR_004601648.1" 282.851511083228 0.653326705252765 0.0859004463412895 7.60562643245233 2.83527169139148e-14 3.8662304835565e-11
"XR_004601940.1" 3.23576962880207 1.50961786656987 0.447317441163956 3.37482451531897 0.000738627739596821 0.038179321211362
"XR_004602054.1" 17.4355816056292 1.23562573379604 0.231761617972265 5.33145110310679 9.74310569443776e-08 4.10299374508705e-05
"XR_004602422.1" 5.34214338928639 -2.87795246064766 0.60536029514665 -4.75411500179488 1.99317565211435e-06 0.000475638149782887
"XR_004602535.1" 44.6511264808326 5.41733186870848 1.05658970741558 5.12718591775733 2.94105051973253e-07 0.00010270722278422
"XR_004602542.1" 34.7801125297798 4.29432335690078 0.443096882511083 9.69161266169226 3.27318939535211e-22 1.04145612805892e-18
"XR_004602869.1" 116.4336947052 -0.628117256665362 0.150594843723352 -4.17090812099274 3.03388176359636e-05 0.00421739020302647
"XR_004602941.1" 4.84662865229261 -2.0463020970042 0.543574325442069 -3.76453044455331 0.000166862338570414 0.0138724323009135
"XR_004603433.1" 4.44801610183739 -2.9783079135529 0.867076391887631 -3.43488525511472 0.000592804780224508 0.0331553861064629
"XR_004604213.1" 196.913323078378 0.614403719084964 0.153290269633288 4.00810645421124 6.12075308973024e-05 0.00715403614193939
"XR_004604301.1" 61.1783898841516 0.691804025194272 0.182172010388915 3.79753192445621 0.000146143959473603 0.012455292927042
"XR_898264.3" 195.554715803023 0.643644147805108 0.128299665852057 5.01672505170277 5.25597009492736e-07 0.000160116978338659
"XR_899709.3" 6.93583191649577 -1.95192994152597 0.521624623576171 -3.74202032132582 0.000182546749535894 0.0146148588246486
"XR_901070.3" 6.2072309139147 -2.89169373342237 0.512142699529573 -5.64626565228505 1.63970415354953e-08 9.02972464250852e-06
"XR_902175.3" 58.8756817691693 2.45140523713663 0.414172985373672 5.9187955847119 3.24307736474409e-09 2.01888616123504e-06
"XR_902371.3" 41.9018298479413 0.897076223930043 0.267227082949247 3.35698093931752 0.000787985446575061 0.0397269933460583
"XR_903526.3" 16.6127854560272 -2.32310652268885 0.533299342800036 -4.35610235424556 1.32398883300008e-05 0.00229299744310932
